2 0.553125 0.5916666666666667 0.8921875 0.21944444444444444 0.11472380208333333 0.48878944444444444 2 0.11087723958333333 0.6390525 2 0.9995670833333332 0.7027853703703703 2 1 0.4922694444444444 2 0 0 0 0 0 0 0 0 0 0 0 0 0 0 0 0 0 0 0 0 0 0 0 0 0 0 0 0 0 0
0 0.4890625 0.38333333333333336 0.015625 0.03611111111111111 0.4891715104166666 0.3840328703703703 2 0 0 0 0 0 0 0 0 0 0 0 0 0 0 0 0 0 0 0 0 0 0 0 0 0 0 0 0 0 0 0 0 0 0 0 0 0 0 0
1 0.1046875 0.6694444444444444 0.021875 0.030555555555555555 0.10403402970679013 0.6686300992063492 2 0 0 0 0 0 0 0 0 0 0 0 0 0 0 0 0 0 0 0 0 0 0 0 0 0 0 0 0 0 0 0 0 0 0 0 0 0 0 0
1 0.128125 0.6861111111111111 0.01875 0.025 0.1281847552910053 0.6853818165784832 2 0 0 0 0 0 0 0 0 0 0 0 0 0 0 0 0 0 0 0 0 0 0 0 0 0 0 0 0 0 0 0 0 0 0 0 0 0 0 0
1 0.3828125 0.6694444444444444 0.0203125 0.027777777777777776 0.38282273120590826 0.6684264370223398 2 0 0 0 0 0 0 0 0 0 0 0 0 0 0 0 0 0 0 0 0 0 0 0 0 0 0 0 0 0 0 0 0 0 0 0 0 0 0 0
1 0.396875 0.6805555555555556 0.009375 0.022222222222222223 0.3974423396164021 0.6810287378747796 2 0 0 0 0 0 0 0 0 0 0 0 0 0 0 0 0 0 0 0 0 0 0 0 0 0 0 0 0 0 0 0 0 0 0 0 0 0 0 0
1 0.434375 0.6694444444444444 0.021875 0.030555555555555555 0.433636455026455 0.6703640667254557 2 0 0 0 0 0 0 0 0 0 0 0 0 0 0 0 0 0 0 0 0 0 0 0 0 0 0 0 0 0 0 0 0 0 0 0 0 0 0 0
1 0.459375 0.6527777777777778 0.015625 0.022222222222222223 0.45906756806657845 0.6529730063198119 2 0 0 0 0 0 0 0 0 0 0 0 0 0 0 0 0 0 0 0 0 0 0 0 0 0 0 0 0 0 0 0 0 0 0 0 0 0 0 0
1 0.4640625 0.6333333333333333 0.0171875 0.025 0.4638406616512345 0.6333498214285714 2 0 0 0 0 0 0 0 0 0 0 0 0 0 0 0 0 0 0 0 0 0 0 0 0 0 0 0 0 0 0 0 0 0 0 0 0 0 0 0
1 0.684375 0.7277777777777777 0.0203125 0.030555555555555555 0.6840579252094356 0.7287180371840094 2 0 0 0 0 0 0 0 0 0 0 0 0 0 0 0 0 0 0 0 0 0 0 0 0 0 0 0 0 0 0 0 0 0 0 0 0 0 0 0
1 0.8421875 0.7666666666666667 0.0203125 0.030555555555555555 0.8425684044312168 0.7664811618165784 2 0 0 0 0 0 0 0 0 0 0 0 0 0 0 0 0 0 0 0 0 0 0 0 0 0 0 0 0 0 0 0 0 0 0 0 0 0 0 0
1 0.9484375 0.7444444444444445 0.01875 0.041666666666666664 0.9477992080026454 0.7441474548059964 2 0 0 0 0 0 0 0 0 0 0 0 0 0 0 0 0 0 0 0 0 0 0 0 0 0 0 0 0 0 0 0 0 0 0 0 0 0 0 0
3 0.50625 0.45555555555555555 0.084375 0.30277777777777776 0.5194975520833334 0.38304249999999995 2 0.5272483333333333 0.42707268518518515 2 0.5307571875 0.3990830555555555 2 0.5040078645833332 0.3851516666666666 2 0.5198315104166666 0.42275962962962965 2 0.4986470833333333 0.4570608333333333 2 0.48818703125 0.537777037037037 2 0.48173411458333326 0.5762997222222221 2 0.5328782291666666 0.5266841666666666 2 0.5347444791666666 0.5810433333333332 2 0.5437697916666666 0.3932764814814815 2 0.53600046875 0.3917312962962962 2 0.5185328645833333 0.46163000000000004 2 0.5403413541666666 0.4027619444444444 2
1 0.509375 0.525 0.009375 0.013888888888888888 0.5094025520833333 0.5253528703703704 2 0 0 0 0 0 0 0 0 0 0 0 0 0 0 0 0 0 0 0 0 0 0 0 0 0 0 0 0 0 0 0 0 0 0 0 0 0 0 0
1 0.23125 0.6611111111111111 0.0140625 0.030555555555555555 0.23063785052910052 0.6614912180335097 2 0 0 0 0 0 0 0 0 0 0 0 0 0 0 0 0 0 0 0 0 0 0 0 0 0 0 0 0 0 0 0 0 0 0 0 0 0 0 0
1 0.1640625 0.6305555555555555 0.0140625 0.025 0.16335238453483242 0.631286960611405 2 0 0 0 0 0 0 0 0 0 0 0 0 0 0 0 0 0 0 0 0 0 0 0 0 0 0 0 0 0 0 0 0 0 0 0 0 0 0 0
1 0.2109375 0.6138888888888889 0.0125 0.025 0.21131432291666666 0.6144101851851851 2 0 0 0 0 0 0 0 0 0 0 0 0 0 0 0 0 0 0 0 0 0 0 0 0 0 0 0 0 0 0 0 0 0 0 0 0 0 0 0
1 0.2484375 0.6 0.0109375 0.022222222222222223 0.24866557291666663 0.5999865740740741 2 0 0 0 0 0 0 0 0 0 0 0 0 0 0 0 0 0 0 0 0 0 0 0 0 0 0 0 0 0 0 0 0 0 0 0 0 0 0 0
1 0.1609375 0.6388888888888888 0.0078125 0.013888888888888888 0.16110833388447973 0.6387892401528512 2 0 0 0 0 0 0 0 0 0 0 0 0 0 0 0 0 0 0 0 0 0 0 0 0 0 0 0 0 0 0 0 0 0 0 0 0 0 0 0
1 0.184375 0.6361111111111111 0.00625 0.013888888888888888 0.1850094744819224 0.6369875889182833 2 0 0 0 0 0 0 0 0 0 0 0 0 0 0 0 0 0 0 0 0 0 0 0 0 0 0 0 0 0 0 0 0 0 0 0 0 0 0 0
1 0.190625 0.6388888888888888 0.00625 0.013888888888888888 0.19108644290123458 0.637935109494415 2 0 0 0 0 0 0 0 0 0 0 0 0 0 0 0 0 0 0 0 0 0 0 0 0 0 0 0 0 0 0 0 0 0 0 0 0 0 0 0
1 0.196875 0.6388888888888888 0.00625 0.011111111111111112 0.19679122988315695 0.6402565038947678 2 0 0 0 0 0 0 0 0 0 0 0 0 0 0 0 0 0 0 0 0 0 0 0 0 0 0 0 0 0 0 0 0 0 0 0 0 0 0 0
1 0.203125 0.6333333333333333 0.00625 0.013888888888888888 0.20277271108906528 0.6346267357436802 2 0 0 0 0 0 0 0 0 0 0 0 0 0 0 0 0 0 0 0 0 0 0 0 0 0 0 0 0 0 0 0 0 0 0 0 0 0 0 0
1 0.209375 0.6361111111111111 0.0078125 0.013888888888888888 0.20861352733686064 0.6356569051293357 2 0 0 0 0 0 0 0 0 0 0 0 0 0 0 0 0 0 0 0 0 0 0 0 0 0 0 0 0 0 0 0 0 0 0 0 0 0 0 0
1 0.2171875 0.6472222222222223 0.0078125 0.016666666666666666 0.21727554315476189 0.646810196208113 2 0 0 0 0 0 0 0 0 0 0 0 0 0 0 0 0 0 0 0 0 0 0 0 0 0 0 0 0 0 0 0 0 0 0 0 0 0 0 0
1 0.2265625 0.6361111111111111 0.0078125 0.016666666666666666 0.22592261518959433 0.6372086654908876 2 0 0 0 0 0 0 0 0 0 0 0 0 0 0 0 0 0 0 0 0 0 0 0 0 0 0 0 0 0 0 0 0 0 0 0 0 0 0 0
1 0.24375 0.6444444444444445 0.009375 0.016666666666666666 0.24327952849426807 0.6442205731922398 2 0 0 0 0 0 0 0 0 0 0 0 0 0 0 0 0 0 0 0 0 0 0 0 0 0 0 0 0 0 0 0 0 0 0 0 0 0 0 0
1 0.25 0.6361111111111111 0.0078125 0.013888888888888888 0.24968827022707227 0.6370853075396825 2 0 0 0 0 0 0 0 0 0 0 0 0 0 0 0 0 0 0 0 0 0 0 0 0 0 0 0 0 0 0 0 0 0 0 0 0 0 0 0
1 0.2609375 0.6388888888888888 0.0078125 0.016666666666666666 0.2601574302799824 0.6392111941504997 2 0 0 0 0 0 0 0 0 0 0 0 0 0 0 0 0 0 0 0 0 0 0 0 0 0 0 0 0 0 0 0 0 0 0 0 0 0 0 0
1 0.325 0.6277777777777778 0.009375 0.016666666666666666 0.3252310262345679 0.6267718569958848 2 0 0 0 0 0 0 0 0 0 0 0 0 0 0 0 0 0 0 0 0 0 0 0 0 0 0 0 0 0 0 0 0 0 0 0 0 0 0 0
4 0.5328125 0.37777777777777777 0.034375 0.07222222222222222 0.5452250000000001 0.40158981481481476 2 0.5363765104166667 0.3793934259259259 2 0.5228204166666666 0.37442722222222213 2 0.5274357291666666 0.35670453703703703 2 0.54090984375 0.3601178703703703 2 0 0 0 0 0 0 0 0 0 0 0 0 0 0 0 0 0 0 0 0 0 0 0 0 0 0 0
1 0.3078125 0.6555555555555556 0.009375 0.016666666666666666 0.3076660868606702 0.6547479196061139 2 0 0 0 0 0 0 0 0 0 0 0 0 0 0 0 0 0 0 0 0 0 0 0 0 0 0 0 0 0 0 0 0 0 0 0 0 0 0 0
1 0.3234375 0.6472222222222223 0.009375 0.013888888888888888 0.3229083986441799 0.646913802175191 2 0 0 0 0 0 0 0 0 0 0 0 0 0 0 0 0 0 0 0 0 0 0 0 0 0 0 0 0 0 0 0 0 0 0 0 0 0 0 0