3 0.50625 0.46944444444444444 0.084375 0.2777777777777778 0.5011879166666666 0.3873785185185185 2 0.50242421875 0.42439324074074075 2 0.5218004166666667 0.4331572222222222 2 0.48119499999999993 0.39912259259259253 2 0.4772401041666667 0.4343756481481481 2 0.48118697916666664 0.4615623148148148 2 0.4773793229166666 0.5282048148148147 2 0.4663918229166667 0.5835681481481482 2 0.5185472395833333 0.5175412962962963 2 0.5294776041666667 0.5811630555555556 2 0.4732254166666666 0.4846451851851852 2 0.53281171875 0.4440280555555555 2 0.49716484375 0.46400342592592586 2 0.47293744791666664 0.47338722222222224 2
4 0.484375 0.49722222222222223 0.04375 0.058333333333333334 0.4662728645833333 0.47995962962962957 2 0.48241854166666664 0.4950486111111111 1 0.49837619791666665 0.48720268518518517 2 0.5025800520833333 0.5129699999999999 1 0.4895971354166667 0.5227831481481482 2 0 0 0 0 0 0 0 0 0 0 0 0 0 0 0 0 0 0 0 0 0 0 0 0 0 0 0
2 0.553125 0.5916666666666667 0.8921875 0.21944444444444444 0.11472380208333333 0.48878944444444444 2 0.11087723958333333 0.6390525 2 0.9995670833333332 0.7027853703703703 2 1 0.4922694444444444 2 0 0 0 0 0 0 0 0 0 0 0 0 0 0 0 0 0 0 0 0 0 0 0 0 0 0 0 0 0 0
0 0.4703125 0.42777777777777776 0.015625 0.025 0.47022838541666656 0.42778861111111105 2 0 0 0 0 0 0 0 0 0 0 0 0 0 0 0 0 0 0 0 0 0 0 0 0 0 0 0 0 0 0 0 0 0 0 0 0 0 0 0
1 0.1046875 0.6694444444444444 0.021875 0.030555555555555555 0.10403402970679013 0.6686300992063492 2 0 0 0 0 0 0 0 0 0 0 0 0 0 0 0 0 0 0 0 0 0 0 0 0 0 0 0 0 0 0 0 0 0 0 0 0 0 0 0
1 0.128125 0.6861111111111111 0.01875 0.025 0.1281847552910053 0.6853818165784832 2 0 0 0 0 0 0 0 0 0 0 0 0 0 0 0 0 0 0 0 0 0 0 0 0 0 0 0 0 0 0 0 0 0 0 0 0 0 0 0
1 0.3828125 0.6694444444444444 0.0203125 0.027777777777777776 0.38282273120590826 0.6684264370223398 2 0 0 0 0 0 0 0 0 0 0 0 0 0 0 0 0 0 0 0 0 0 0 0 0 0 0 0 0 0 0 0 0 0 0 0 0 0 0 0
1 0.396875 0.6805555555555556 0.009375 0.022222222222222223 0.3974423396164021 0.6810287378747796 2 0 0 0 0 0 0 0 0 0 0 0 0 0 0 0 0 0 0 0 0 0 0 0 0 0 0 0 0 0 0 0 0 0 0 0 0 0 0 0
1 0.43125 0.6694444444444444 0.021875 0.030555555555555555 0.43082437169312165 0.6707938815402704 2 0 0 0 0 0 0 0 0 0 0 0 0 0 0 0 0 0 0 0 0 0 0 0 0 0 0 0 0 0 0 0 0 0 0 0 0 0 0 0
1 0.459375 0.6527777777777778 0.015625 0.022222222222222223 0.45906756806657845 0.6529730063198119 2 0 0 0 0 0 0 0 0 0 0 0 0 0 0 0 0 0 0 0 0 0 0 0 0 0 0 0 0 0 0 0 0 0 0 0 0 0 0 0
1 0.4640625 0.6333333333333333 0.0171875 0.025 0.4638406616512345 0.6333498214285714 2 0 0 0 0 0 0 0 0 0 0 0 0 0 0 0 0 0 0 0 0 0 0 0 0 0 0 0 0 0 0 0 0 0 0 0 0 0 0 0
1 0.6828125 0.7277777777777777 0.0203125 0.030555555555555555 0.6819651127094357 0.7273359075543797 2 0 0 0 0 0 0 0 0 0 0 0 0 0 0 0 0 0 0 0 0 0 0 0 0 0 0 0 0 0 0 0 0 0 0 0 0 0 0 0
1 0.8421875 0.7666666666666667 0.0203125 0.030555555555555555 0.8425684044312168 0.7664811618165784 2 0 0 0 0 0 0 0 0 0 0 0 0 0 0 0 0 0 0 0 0 0 0 0 0 0 0 0 0 0 0 0 0 0 0 0 0 0 0 0
1 0.9484375 0.7444444444444445 0.01875 0.041666666666666664 0.9477992080026454 0.7441474548059964 2 0 0 0 0 0 0 0 0 0 0 0 0 0 0 0 0 0 0 0 0 0 0 0 0 0 0 0 0 0 0 0 0 0 0 0 0 0 0 0
1 0.50625 0.5222222222222223 0.009375 0.013888888888888888 0.5067585141093474 0.5218220851704879 2 0 0 0 0 0 0 0 0 0 0 0 0 0 0 0 0 0 0 0 0 0 0 0 0 0 0 0 0 0 0 0 0 0 0 0 0 0 0 0
1 0.23125 0.6611111111111111 0.0140625 0.030555555555555555 0.23063785052910052 0.6614912180335097 2 0 0 0 0 0 0 0 0 0 0 0 0 0 0 0 0 0 0 0 0 0 0 0 0 0 0 0 0 0 0 0 0 0 0 0 0 0 0 0
1 0.1640625 0.6305555555555555 0.0140625 0.025 0.16335238453483242 0.631286960611405 2 0 0 0 0 0 0 0 0 0 0 0 0 0 0 0 0 0 0 0 0 0 0 0 0 0 0 0 0 0 0 0 0 0 0 0 0 0 0 0
1 0.2109375 0.6138888888888889 0.0125 0.025 0.21131432291666666 0.6144101851851851 2 0 0 0 0 0 0 0 0 0 0 0 0 0 0 0 0 0 0 0 0 0 0 0 0 0 0 0 0 0 0 0 0 0 0 0 0 0 0 0
1 0.2484375 0.6 0.0109375 0.022222222222222223 0.24866557291666663 0.5999865740740741 2 0 0 0 0 0 0 0 0 0 0 0 0 0 0 0 0 0 0 0 0 0 0 0 0 0 0 0 0 0 0 0 0 0 0 0 0 0 0 0
1 0.1609375 0.6388888888888888 0.0078125 0.013888888888888888 0.16110833388447973 0.6387892401528512 2 0 0 0 0 0 0 0 0 0 0 0 0 0 0 0 0 0 0 0 0 0 0 0 0 0 0 0 0 0 0 0 0 0 0 0 0 0 0 0
1 0.184375 0.6361111111111111 0.00625 0.013888888888888888 0.1850094744819224 0.6369875889182833 2 0 0 0 0 0 0 0 0 0 0 0 0 0 0 0 0 0 0 0 0 0 0 0 0 0 0 0 0 0 0 0 0 0 0 0 0 0 0 0
1 0.190625 0.6388888888888888 0.00625 0.013888888888888888 0.19108644290123458 0.637935109494415 2 0 0 0 0 0 0 0 0 0 0 0 0 0 0 0 0 0 0 0 0 0 0 0 0 0 0 0 0 0 0 0 0 0 0 0 0 0 0 0
1 0.196875 0.6388888888888888 0.00625 0.011111111111111112 0.19679122988315695 0.6402565038947678 2 0 0 0 0 0 0 0 0 0 0 0 0 0 0 0 0 0 0 0 0 0 0 0 0 0 0 0 0 0 0 0 0 0 0 0 0 0 0 0
1 0.203125 0.6333333333333333 0.00625 0.013888888888888888 0.20277271108906528 0.6346267357436802 2 0 0 0 0 0 0 0 0 0 0 0 0 0 0 0 0 0 0 0 0 0 0 0 0 0 0 0 0 0 0 0 0 0 0 0 0 0 0 0
1 0.209375 0.6361111111111111 0.0078125 0.013888888888888888 0.20861352733686064 0.6356569051293357 2 0 0 0 0 0 0 0 0 0 0 0 0 0 0 0 0 0 0 0 0 0 0 0 0 0 0 0 0 0 0 0 0 0 0 0 0 0 0 0
1 0.2171875 0.6472222222222223 0.0078125 0.016666666666666666 0.21727554315476189 0.646810196208113 2 0 0 0 0 0 0 0 0 0 0 0 0 0 0 0 0 0 0 0 0 0 0 0 0 0 0 0 0 0 0 0 0 0 0 0 0 0 0 0
1 0.2265625 0.6361111111111111 0.0078125 0.016666666666666666 0.22592261518959433 0.6372086654908876 2 0 0 0 0 0 0 0 0 0 0 0 0 0 0 0 0 0 0 0 0 0 0 0 0 0 0 0 0 0 0 0 0 0 0 0 0 0 0 0
1 0.24375 0.6444444444444445 0.009375 0.016666666666666666 0.24327952849426807 0.6442205731922398 2 0 0 0 0 0 0 0 0 0 0 0 0 0 0 0 0 0 0 0 0 0 0 0 0 0 0 0 0 0 0 0 0 0 0 0 0 0 0 0
1 0.25 0.6361111111111111 0.0078125 0.013888888888888888 0.24968827022707227 0.6370853075396825 2 0 0 0 0 0 0 0 0 0 0 0 0 0 0 0 0 0 0 0 0 0 0 0 0 0 0 0 0 0 0 0 0 0 0 0 0 0 0 0
1 0.2609375 0.6388888888888888 0.0078125 0.016666666666666666 0.2601574302799824 0.6392111941504997 2 0 0 0 0 0 0 0 0 0 0 0 0 0 0 0 0 0 0 0 0 0 0 0 0 0 0 0 0 0 0 0 0 0 0 0 0 0 0 0
1 0.325 0.6277777777777778 0.009375 0.016666666666666666 0.3252310262345679 0.6267718569958848 2 0 0 0 0 0 0 0 0 0 0 0 0 0 0 0 0 0 0 0 0 0 0 0 0 0 0 0 0 0 0 0 0 0 0 0 0 0 0 0
1 0.3078125 0.6555555555555556 0.009375 0.016666666666666666 0.3076660868606702 0.6547479196061139 2 0 0 0 0 0 0 0 0 0 0 0 0 0 0 0 0 0 0 0 0 0 0 0 0 0 0 0 0 0 0 0 0 0 0 0 0 0 0 0
1 0.3234375 0.6472222222222223 0.009375 0.013888888888888888 0.3229083986441799 0.646913802175191 2 0 0 0 0 0 0 0 0 0 0 0 0 0 0 0 0 0 0 0 0 0 0 0 0 0 0 0 0 0 0 0 0 0 0 0 0 0 0 0