3 0.4859375 0.46944444444444444 0.125 0.2777777777777778 0.5012168229166667 0.3838701851851852 2 0.50292796875 0.4010734259259259 2 0.5215457291666666 0.40594009259259256 2 0.4779785416666666 0.3866684259259259 2 0.4551522395833333 0.3987454629629629 2 0.47717671875 0.45709916666666667 2 0.47666463541666665 0.527024074074074 2 0.46863369791666665 0.5823700925925925 2 0.5146479166666666 0.5176583333333333 2 0.5206897916666666 0.5778762962962962 2 0.4269028645833333 0.43307027777777773 2 0.5336658333333333 0.4079821296296296 2 0.4939055208333333 0.459165 2 0.43323156249999994 0.42126194444444437 2
4 0.4296875 0.4527777777777778 0.040625 0.06388888888888888 0.4265553125 0.420457037037037 2 0.4294775520833333 0.4460737962962963 2 0.4408830729166667 0.4534762037037037 2 0.43265354166666664 0.47450537037037027 2 0.4217569270833333 0.46358370370370366 2 0 0 0 0 0 0 0 0 0 0 0 0 0 0 0 0 0 0 0 0 0 0 0 0 0 0 0
2 0.553125 0.5916666666666667 0.8921875 0.21944444444444444 0.11472380208333333 0.48878944444444444 2 0.11087723958333333 0.6390525 2 0.9995670833333332 0.7027853703703703 2 1 0.4922694444444444 2 0 0 0 0 0 0 0 0 0 0 0 0 0 0 0 0 0 0 0 0 0 0 0 0 0 0 0 0 0 0
0 0.2671875 0.4527777777777778 0.015625 0.025 0.2672570833333333 0.45311342592592596 2 0 0 0 0 0 0 0 0 0 0 0 0 0 0 0 0 0 0 0 0 0 0 0 0 0 0 0 0 0 0 0 0 0 0 0 0 0 0 0
1 0.1046875 0.6583333333333333 0.021875 0.030555555555555555 0.10477652970679012 0.6579185251322751 2 0 0 0 0 0 0 0 0 0 0 0 0 0 0 0 0 0 0 0 0 0 0 0 0 0 0 0 0 0 0 0 0 0 0 0 0 0 0 0
1 0.1296875 0.6805555555555556 0.01875 0.025 0.1303688177910053 0.6799801499118165 2 0 0 0 0 0 0 0 0 0 0 0 0 0 0 0 0 0 0 0 0 0 0 0 0 0 0 0 0 0 0 0 0 0 0 0 0 0 0 0
1 0.38125 0.6611111111111111 0.0203125 0.027777777777777776 0.38071434578924157 0.6606682888741916 2 0 0 0 0 0 0 0 0 0 0 0 0 0 0 0 0 0 0 0 0 0 0 0 0 0 0 0 0 0 0 0 0 0 0 0 0 0 0 0
1 0.3953125 0.6777777777777778 0.009375 0.022222222222222223 0.39575025628306876 0.677418645282187 2 0 0 0 0 0 0 0 0 0 0 0 0 0 0 0 0 0 0 0 0 0 0 0 0 0 0 0 0 0 0 0 0 0 0 0 0 0 0 0
1 0.43125 0.6638888888888889 0.021875 0.030555555555555555 0.430665517526455 0.6649470296884186 2 0 0 0 0 0 0 0 0 0 0 0 0 0 0 0 0 0 0 0 0 0 0 0 0 0 0 0 0 0 0 0 0 0 0 0 0 0 0 0
1 0.465625 0.6444444444444445 0.015625 0.022222222222222223 0.46548725556657844 0.645880691504997 2 0 0 0 0 0 0 0 0 0 0 0 0 0 0 0 0 0 0 0 0 0 0 0 0 0 0 0 0 0 0 0 0 0 0 0 0 0 0 0
1 0.4609375 0.6277777777777778 0.0171875 0.025 0.4605250887345679 0.6286027843915344 2 0 0 0 0 0 0 0 0 0 0 0 0 0 0 0 0 0 0 0 0 0 0 0 0 0 0 0 0 0 0 0 0 0 0 0 0 0 0 0
1 0.68125 0.7222222222222222 0.0203125 0.030555555555555555 0.681717664792769 0.7235014631099352 2 0 0 0 0 0 0 0 0 0 0 0 0 0 0 0 0 0 0 0 0 0 0 0 0 0 0 0 0 0 0 0 0 0 0 0 0 0 0 0
1 0.8421875 0.7611111111111111 0.0203125 0.030555555555555555 0.8424057236552027 0.7613307914462081 2 0 0 0 0 0 0 0 0 0 0 0 0 0 0 0 0 0 0 0 0 0 0 0 0 0 0 0 0 0 0 0 0 0 0 0 0 0 0 0
1 0.946875 0.7416666666666667 0.01875 0.041666666666666664 0.9474322395833333 0.7412805555555555 2 0 0 0 0 0 0 0 0 0 0 0 0 0 0 0 0 0 0 0 0 0 0 0 0 0 0 0 0 0 0 0 0 0 0 0 0 0 0 0
1 0.228125 0.6527777777777778 0.0140625 0.030555555555555555 0.22759384011243383 0.6522610328483244 2 0 0 0 0 0 0 0 0 0 0 0 0 0 0 0 0 0 0 0 0 0 0 0 0 0 0 0 0 0 0 0 0 0 0 0 0 0 0 0
1 0.159375 0.6305555555555555 0.0140625 0.025 0.15950425953483244 0.6313820532039978 2 0 0 0 0 0 0 0 0 0 0 0 0 0 0 0 0 0 0 0 0 0 0 0 0 0 0 0 0 0 0 0 0 0 0 0 0 0 0 0
1 0.209375 0.6111111111111112 0.0125 0.025 0.20959296875 0.6099975925925926 2 0 0 0 0 0 0 0 0 0 0 0 0 0 0 0 0 0 0 0 0 0 0 0 0 0 0 0 0 0 0 0 0 0 0 0 0 0 0 0
1 0.246875 0.5916666666666667 0.0109375 0.022222222222222223 0.2466131770833333 0.5923786111111111 2 0 0 0 0 0 0 0 0 0 0 0 0 0 0 0 0 0 0 0 0 0 0 0 0 0 0 0 0 0 0 0 0 0 0 0 0 0 0 0
1 0.1609375 0.6388888888888888 0.0078125 0.013888888888888888 0.16110833388447973 0.6387892401528512 2 0 0 0 0 0 0 0 0 0 0 0 0 0 0 0 0 0 0 0 0 0 0 0 0 0 0 0 0 0 0 0 0 0 0 0 0 0 0 0
1 0.184375 0.6305555555555555 0.00625 0.013888888888888888 0.18357739583333332 0.6306577777777778 2 0 0 0 0 0 0 0 0 0 0 0 0 0 0 0 0 0 0 0 0 0 0 0 0 0 0 0 0 0 0 0 0 0 0 0 0 0 0 0
1 0.1875 0.6333333333333333 0.00625 0.013888888888888888 0.18804503665123457 0.6322056650499707 2 0 0 0 0 0 0 0 0 0 0 0 0 0 0 0 0 0 0 0 0 0 0 0 0 0 0 0 0 0 0 0 0 0 0 0 0 0 0 0
1 0.1953125 0.6333333333333333 0.00625 0.011111111111111112 0.19535081321649034 0.6326247446355086 2 0 0 0 0 0 0 0 0 0 0 0 0 0 0 0 0 0 0 0 0 0 0 0 0 0 0 0 0 0 0 0 0 0 0 0 0 0 0 0
1 0.2 0.6277777777777778 0.00625 0.013888888888888888 0.19952901317239857 0.6270707172251617 2 0 0 0 0 0 0 0 0 0 0 0 0 0 0 0 0 0 0 0 0 0 0 0 0 0 0 0 0 0 0 0 0 0 0 0 0 0 0 0
1 0.20625 0.6277777777777778 0.0078125 0.013888888888888888 0.206862954420194 0.6286701458700764 2 0 0 0 0 0 0 0 0 0 0 0 0 0 0 0 0 0 0 0 0 0 0 0 0 0 0 0 0 0 0 0 0 0 0 0 0 0 0 0
1 0.215625 0.6388888888888888 0.0078125 0.016666666666666666 0.2154538764880952 0.6402158443562609 2 0 0 0 0 0 0 0 0 0 0 0 0 0 0 0 0 0 0 0 0 0 0 0 0 0 0 0 0 0 0 0 0 0 0 0 0 0 0 0
1 0.2265625 0.6361111111111111 0.0078125 0.016666666666666666 0.22592261518959433 0.6372086654908876 2 0 0 0 0 0 0 0 0 0 0 0 0 0 0 0 0 0 0 0 0 0 0 0 0 0 0 0 0 0 0 0 0 0 0 0 0 0 0 0
1 0.240625 0.6388888888888888 0.009375 0.016666666666666666 0.24114770557760137 0.6378402028218695 2 0 0 0 0 0 0 0 0 0 0 0 0 0 0 0 0 0 0 0 0 0 0 0 0 0 0 0 0 0 0 0 0 0 0 0 0 0 0 0
1 0.246875 0.6333333333333333 0.0078125 0.013888888888888888 0.2474670202270723 0.6323531779100529 2 0 0 0 0 0 0 0 0 0 0 0 0 0 0 0 0 0 0 0 0 0 0 0 0 0 0 0 0 0 0 0 0 0 0 0 0 0 0 0
1 0.259375 0.6333333333333333 0.0078125 0.016666666666666666 0.2591751386133157 0.6326985089653145 2 0 0 0 0 0 0 0 0 0 0 0 0 0 0 0 0 0 0 0 0 0 0 0 0 0 0 0 0 0 0 0 0 0 0 0 0 0 0 0
1 0.3234375 0.6194444444444445 0.009375 0.016666666666666666 0.3228208179012345 0.6207333384773662 2 0 0 0 0 0 0 0 0 0 0 0 0 0 0 0 0 0 0 0 0 0 0 0 0 0 0 0 0 0 0 0 0 0 0 0 0 0 0 0
1 0.30625 0.65 0.009375 0.016666666666666666 0.30667290977733686 0.6489055121987065 2 0 0 0 0 0 0 0 0 0 0 0 0 0 0 0 0 0 0 0 0 0 0 0 0 0 0 0 0 0 0 0 0 0 0 0 0 0 0 0
1 0.321875 0.6388888888888888 0.009375 0.013888888888888888 0.32145292989417984 0.6401738021751909 2 0 0 0 0 0 0 0 0 0 0 0 0 0 0 0 0 0 0 0 0 0 0 0 0 0 0 0 0 0 0 0 0 0 0 0 0 0 0 0
1 0.003125 0.7277777777777777 0.00625 0.022222222222222223 0.00401638778659612 0.7269895160934744 2 0 0 0 0 0 0 0 0 0 0 0 0 0 0 0 0 0 0 0 0 0 0 0 0 0 0 0 0 0 0 0 0 0 0 0 0 0 0 0