3 0.50625 0.46944444444444444 0.084375 0.2777777777777778 0.5068929166666667 0.38337527777777775 1 0.5238910416666667 0.4198196296296296 2 0.5273759895833333 0.3814321296296296 1 0.5005509895833333 0.38791611111111113 2 0.526906875 0.39323787037037033 1 0.4982159895833333 0.4580293518518518 2 0.48564078125 0.5401286111111111 2 0.4698533333333333 0.5732637962962963 2 0.5331920312499999 0.5266462962962963 2 0.5346977083333333 0.5867691666666667 2 0.5356229166666666 0.3604508333333333 2 0.5303598958333333 0.3671557407407407 2 0.5144828645833333 0.46246620370370367 2 0.5363610416666666 0.3694587037037037 2
2 0.553125 0.5916666666666667 0.8921875 0.21944444444444444 0.11472380208333333 0.48878944444444444 2 0.11087723958333333 0.6390525 2 0.9995670833333332 0.7027853703703703 2 1 0.4922694444444444 2 0 0 0 0 0 0 0 0 0 0 0 0 0 0 0 0 0 0 0 0 0 0 0 0 0 0 0 0 0 0
0 0.5265625 0.39166666666666666 0.015625 0.025 0.5271845833333333 0.39139064814814817 2 0 0 0 0 0 0 0 0 0 0 0 0 0 0 0 0 0 0 0 0 0 0 0 0 0 0 0 0 0 0 0 0 0 0 0 0 0 0 0
1 0.1046875 0.6694444444444444 0.021875 0.030555555555555555 0.10403402970679013 0.6686300992063492 2 0 0 0 0 0 0 0 0 0 0 0 0 0 0 0 0 0 0 0 0 0 0 0 0 0 0 0 0 0 0 0 0 0 0 0 0 0 0 0
1 0.128125 0.6861111111111111 0.01875 0.025 0.1281847552910053 0.6853818165784832 2 0 0 0 0 0 0 0 0 0 0 0 0 0 0 0 0 0 0 0 0 0 0 0 0 0 0 0 0 0 0 0 0 0 0 0 0 0 0 0
1 0.3828125 0.6694444444444444 0.0203125 0.027777777777777776 0.38282273120590826 0.6684264370223398 2 0 0 0 0 0 0 0 0 0 0 0 0 0 0 0 0 0 0 0 0 0 0 0 0 0 0 0 0 0 0 0 0 0 0 0 0 0 0 0
1 0.396875 0.6805555555555556 0.009375 0.022222222222222223 0.3974423396164021 0.6810287378747796 2 0 0 0 0 0 0 0 0 0 0 0 0 0 0 0 0 0 0 0 0 0 0 0 0 0 0 0 0 0 0 0 0 0 0 0 0 0 0 0
1 0.43125 0.6694444444444444 0.021875 0.030555555555555555 0.43082437169312165 0.6707938815402704 2 0 0 0 0 0 0 0 0 0 0 0 0 0 0 0 0 0 0 0 0 0 0 0 0 0 0 0 0 0 0 0 0 0 0 0 0 0 0 0
1 0.459375 0.6527777777777778 0.015625 0.022222222222222223 0.45906756806657845 0.6529730063198119 2 0 0 0 0 0 0 0 0 0 0 0 0 0 0 0 0 0 0 0 0 0 0 0 0 0 0 0 0 0 0 0 0 0 0 0 0 0 0 0
1 0.4640625 0.6333333333333333 0.0171875 0.025 0.4638406616512345 0.6333498214285714 2 0 0 0 0 0 0 0 0 0 0 0 0 0 0 0 0 0 0 0 0 0 0 0 0 0 0 0 0 0 0 0 0 0 0 0 0 0 0 0
1 0.6828125 0.7277777777777777 0.0203125 0.030555555555555555 0.6819651127094357 0.7273359075543797 2 0 0 0 0 0 0 0 0 0 0 0 0 0 0 0 0 0 0 0 0 0 0 0 0 0 0 0 0 0 0 0 0 0 0 0 0 0 0 0
1 0.8421875 0.7666666666666667 0.0203125 0.030555555555555555 0.8425684044312168 0.7664811618165784 2 0 0 0 0 0 0 0 0 0 0 0 0 0 0 0 0 0 0 0 0 0 0 0 0 0 0 0 0 0 0 0 0 0 0 0 0 0 0 0
1 0.9484375 0.7444444444444445 0.01875 0.041666666666666664 0.9477992080026454 0.7441474548059964 2 0 0 0 0 0 0 0 0 0 0 0 0 0 0 0 0 0 0 0 0 0 0 0 0 0 0 0 0 0 0 0 0 0 0 0 0 0 0 0
1 0.5078125 0.5222222222222223 0.009375 0.013888888888888888 0.507727212026014 0.5236475481334508 2 0 0 0 0 0 0 0 0 0 0 0 0 0 0 0 0 0 0 0 0 0 0 0 0 0 0 0 0 0 0 0 0 0 0 0 0 0 0 0
1 0.23125 0.6611111111111111 0.0140625 0.030555555555555555 0.23063785052910052 0.6614912180335097 2 0 0 0 0 0 0 0 0 0 0 0 0 0 0 0 0 0 0 0 0 0 0 0 0 0 0 0 0 0 0 0 0 0 0 0 0 0 0 0
1 0.1640625 0.6305555555555555 0.0140625 0.025 0.16335238453483242 0.631286960611405 2 0 0 0 0 0 0 0 0 0 0 0 0 0 0 0 0 0 0 0 0 0 0 0 0 0 0 0 0 0 0 0 0 0 0 0 0 0 0 0
1 0.2109375 0.6138888888888889 0.0125 0.025 0.21131432291666666 0.6144101851851851 2 0 0 0 0 0 0 0 0 0 0 0 0 0 0 0 0 0 0 0 0 0 0 0 0 0 0 0 0 0 0 0 0 0 0 0 0 0 0 0
1 0.2484375 0.6 0.0109375 0.022222222222222223 0.24866557291666663 0.5999865740740741 2 0 0 0 0 0 0 0 0 0 0 0 0 0 0 0 0 0 0 0 0 0 0 0 0 0 0 0 0 0 0 0 0 0 0 0 0 0 0 0
1 0.1609375 0.6388888888888888 0.0078125 0.013888888888888888 0.16110833388447973 0.6387892401528512 2 0 0 0 0 0 0 0 0 0 0 0 0 0 0 0 0 0 0 0 0 0 0 0 0 0 0 0 0 0 0 0 0 0 0 0 0 0 0 0
1 0.184375 0.6361111111111111 0.00625 0.013888888888888888 0.1850094744819224 0.6369875889182833 2 0 0 0 0 0 0 0 0 0 0 0 0 0 0 0 0 0 0 0 0 0 0 0 0 0 0 0 0 0 0 0 0 0 0 0 0 0 0 0
1 0.190625 0.6388888888888888 0.00625 0.013888888888888888 0.19108644290123458 0.637935109494415 2 0 0 0 0 0 0 0 0 0 0 0 0 0 0 0 0 0 0 0 0 0 0 0 0 0 0 0 0 0 0 0 0 0 0 0 0 0 0 0
1 0.196875 0.6388888888888888 0.00625 0.011111111111111112 0.19679122988315695 0.6402565038947678 2 0 0 0 0 0 0 0 0 0 0 0 0 0 0 0 0 0 0 0 0 0 0 0 0 0 0 0 0 0 0 0 0 0 0 0 0 0 0 0
1 0.203125 0.6333333333333333 0.00625 0.013888888888888888 0.20277271108906528 0.6346267357436802 2 0 0 0 0 0 0 0 0 0 0 0 0 0 0 0 0 0 0 0 0 0 0 0 0 0 0 0 0 0 0 0 0 0 0 0 0 0 0 0
1 0.209375 0.6361111111111111 0.0078125 0.013888888888888888 0.20861352733686064 0.6356569051293357 2 0 0 0 0 0 0 0 0 0 0 0 0 0 0 0 0 0 0 0 0 0 0 0 0 0 0 0 0 0 0 0 0 0 0 0 0 0 0 0
1 0.2171875 0.6472222222222223 0.0078125 0.016666666666666666 0.21727554315476189 0.646810196208113 2 0 0 0 0 0 0 0 0 0 0 0 0 0 0 0 0 0 0 0 0 0 0 0 0 0 0 0 0 0 0 0 0 0 0 0 0 0 0 0
1 0.2265625 0.6361111111111111 0.0078125 0.016666666666666666 0.22592261518959433 0.6372086654908876 2 0 0 0 0 0 0 0 0 0 0 0 0 0 0 0 0 0 0 0 0 0 0 0 0 0 0 0 0 0 0 0 0 0 0 0 0 0 0 0
1 0.24375 0.6444444444444445 0.009375 0.016666666666666666 0.24327952849426807 0.6442205731922398 2 0 0 0 0 0 0 0 0 0 0 0 0 0 0 0 0 0 0 0 0 0 0 0 0 0 0 0 0 0 0 0 0 0 0 0 0 0 0 0
1 0.25 0.6361111111111111 0.0078125 0.013888888888888888 0.24968827022707227 0.6370853075396825 2 0 0 0 0 0 0 0 0 0 0 0 0 0 0 0 0 0 0 0 0 0 0 0 0 0 0 0 0 0 0 0 0 0 0 0 0 0 0 0
1 0.2609375 0.6388888888888888 0.0078125 0.016666666666666666 0.2601574302799824 0.6392111941504997 2 0 0 0 0 0 0 0 0 0 0 0 0 0 0 0 0 0 0 0 0 0 0 0 0 0 0 0 0 0 0 0 0 0 0 0 0 0 0 0
1 0.325 0.6277777777777778 0.009375 0.016666666666666666 0.3252310262345679 0.6267718569958848 2 0 0 0 0 0 0 0 0 0 0 0 0 0 0 0 0 0 0 0 0 0 0 0 0 0 0 0 0 0 0 0 0 0 0 0 0 0 0 0
4 0.5234375 0.3638888888888889 0.0375 0.03333333333333333 0.5411158854166667 0.3647449074074074 2 0.5240143749999999 0.36372129629629624 2 0.5105543229166667 0.37754638888888886 2 0.50780921875 0.3628672222222222 1 0.5193871354166666 0.35442953703703706 2 0 0 0 0 0 0 0 0 0 0 0 0 0 0 0 0 0 0 0 0 0 0 0 0 0 0 0
1 0.3078125 0.6555555555555556 0.009375 0.016666666666666666 0.3076660868606702 0.6547479196061139 2 0 0 0 0 0 0 0 0 0 0 0 0 0 0 0 0 0 0 0 0 0 0 0 0 0 0 0 0 0 0 0 0 0 0 0 0 0 0 0
1 0.3234375 0.6472222222222223 0.009375 0.013888888888888888 0.3229083986441799 0.646913802175191 2 0 0 0 0 0 0 0 0 0 0 0 0 0 0 0 0 0 0 0 0 0 0 0 0 0 0 0 0 0 0 0 0 0 0 0 0 0 0 0