1 0.3453125 0.7638888888888888 0.01875 0.03333333333333333 0.3455943802358906 0.764072236919459 2 0 0 0 0 0 0 0 0 0 0 0 0 0 0 0 0 0 0 0 0 0 0 0 0 0 0 0 0 0 0 0 0 0 0 0 0 0 0 0
1 0.2234375 0.7666666666666667 0.01875 0.025 0.22247648313492063 0.7673771329365078 2 0 0 0 0 0 0 0 0 0 0 0 0 0 0 0 0 0 0 0 0 0 0 0 0 0 0 0 0 0 0 0 0 0 0 0 0 0 0 0
1 0.159375 0.8527777777777777 0.021875 0.03888888888888889 0.15985511133156965 0.8521568496472663 2 0 0 0 0 0 0 0 0 0 0 0 0 0 0 0 0 0 0 0 0 0 0 0 0 0 0 0 0 0 0 0 0 0 0 0 0 0 0 0
1 0.203125 0.8611111111111112 0.0234375 0.05 0.20340561590608464 0.8602347633744856 2 0 0 0 0 0 0 0 0 0 0 0 0 0 0 0 0 0 0 0 0 0 0 0 0 0 0 0 0 0 0 0 0 0 0 0 0 0 0 0
1 0.0375 0.9861111111111112 0.03125 0.025 0.03656078042328042 0.9869867904908877 2 0 0 0 0 0 0 0 0 0 0 0 0 0 0 0 0 0 0 0 0 0 0 0 0 0 0 0 0 0 0 0 0 0 0 0 0 0 0 0
2 0.053125 0.7111111111111111 0.1046875 0.3638888888888889 0 0.5683835185185185 2 0 0.8831138888888889 2 0.10360041666666667 0.7677107407407406 2 0.09530302083333334 0.5286458333333334 2 0 0 0 0 0 0 0 0 0 0 0 0 0 0 0 0 0 0 0 0 0 0 0 0 0 0 0 0 0 0
1 0.0390625 0.8333333333333334 0.0203125 0.030555555555555555 0.03937636766975308 0.8345539065255733 2 0 0 0 0 0 0 0 0 0 0 0 0 0 0 0 0 0 0 0 0 0 0 0 0 0 0 0 0 0 0 0 0 0 0 0 0 0 0 0
1 0.015625 0.8111111111111111 0.0125 0.03333333333333333 0.015245707396384478 0.8119573181216931 2 0 0 0 0 0 0 0 0 0 0 0 0 0 0 0 0 0 0 0 0 0 0 0 0 0 0 0 0 0 0 0 0 0 0 0 0 0 0 0
1 0.0515625 0.825 0.0203125 0.03611111111111111 0.0507691087962963 0.8257217302322163 2 0 0 0 0 0 0 0 0 0 0 0 0 0 0 0 0 0 0 0 0 0 0 0 0 0 0 0 0 0 0 0 0 0 0 0 0 0 0 0
1 0.08125 0.8222222222222222 0.025 0.022222222222222223 0.08132829392636684 0.8214440226337447 2 0 0 0 0 0 0 0 0 0 0 0 0 0 0 0 0 0 0 0 0 0 0 0 0 0 0 0 0 0 0 0 0 0 0 0 0 0 0 0
1 0.0703125 0.8027777777777778 0.01875 0.030555555555555555 0.06950621830908289 0.801616487360376 2 0 0 0 0 0 0 0 0 0 0 0 0 0 0 0 0 0 0 0 0 0 0 0 0 0 0 0 0 0 0 0 0 0 0 0 0 0 0 0
1 0.03125 0.8 0.015625 0.027777777777777776 0.031025322145061728 0.8006633428865374 2 0 0 0 0 0 0 0 0 0 0 0 0 0 0 0 0 0 0 0 0 0 0 0 0 0 0 0 0 0 0 0 0 0 0 0 0 0 0 0
1 0.071875 0.7722222222222223 0.0171875 0.03333333333333333 0.07109868744488536 0.7735136390358612 2 0 0 0 0 0 0 0 0 0 0 0 0 0 0 0 0 0 0 0 0 0 0 0 0 0 0 0 0 0 0 0 0 0 0 0 0 0 0 0
1 0.0859375 0.775 0.01875 0.027777777777777776 0.08603760416666667 0.7754188888888889 2 0 0 0 0 0 0 0 0 0 0 0 0 0 0 0 0 0 0 0 0 0 0 0 0 0 0 0 0 0 0 0 0 0 0 0 0 0 0 0
1 0.021875 0.7833333333333333 0.0234375 0.03333333333333333 0.020970613425925926 0.7843830397560256 2 0 0 0 0 0 0 0 0 0 0 0 0 0 0 0 0 0 0 0 0 0 0 0 0 0 0 0 0 0 0 0 0 0 0 0 0 0 0 0
1 0.0453125 0.7972222222222223 0.0140625 0.030555555555555555 0.04592960400132275 0.796150939153439 2 0 0 0 0 0 0 0 0 0 0 0 0 0 0 0 0 0 0 0 0 0 0 0 0 0 0 0 0 0 0 0 0 0 0 0 0 0 0 0
1 0.0546875 0.7833333333333333 0.01875 0.027777777777777776 0.05414787009479718 0.7843973618459728 2 0 0 0 0 0 0 0 0 0 0 0 0 0 0 0 0 0 0 0 0 0 0 0 0 0 0 0 0 0 0 0 0 0 0 0 0 0 0 0
1 0.0734375 0.7944444444444444 0.015625 0.027777777777777776 0.07372030533509699 0.7941701014109346 2 0 0 0 0 0 0 0 0 0 0 0 0 0 0 0 0 0 0 0 0 0 0 0 0 0 0 0 0 0 0 0 0 0 0 0 0 0 0 0
3 0.5453125 0.6138888888888889 0.18125 0.7722222222222223 0.5542534895833333 0.362919537037037 2 0.5888163020833332 0.46138962962962954 2 0.5897216666666666 0.48335018518518513 2 0.48287286458333334 0.38651379629629634 2 0.4802992187499999 0.4690212962962963 2 0.5222880208333333 0.5878183333333333 2 0.4747382291666666 0.768958611111111 2 0.49662270833333333 0.9066418518518518 2 0.555731875 0.7692177777777777 2 0.5824822395833333 0.9358482407407406 2 0.4751146354166666 0.5409312037037037 2 0.58796859375 0.5333960185185185 2 0.5710313541666666 0.5918631481481482 2 0.4753757291666666 0.5172405555555556 2
4 0.4984375 0.4722222222222222 0.134375 0.25277777777777777 0.4643045833333333 0.5687211111111111 2 0.49717203125 0.48623166666666656 2 0.513943125 0.4187101851851851 2 0.5350477604166667 0.39216824074074075 2 0.51881578125 0.452275 2 0 0 0 0 0 0 0 0 0 0 0 0 0 0 0 0 0 0 0 0 0 0 0 0 0 0 0
0 0.4453125 0.48333333333333334 0.053125 0.07222222222222222 0.4460566145833333 0.4823725925925926 2 0 0 0 0 0 0 0 0 0 0 0 0 0 0 0 0 0 0 0 0 0 0 0 0 0 0 0 0 0 0 0 0 0 0 0 0 0 0 0