1 0.3453125 0.7638888888888888 0.01875 0.03333333333333333 0.3455943802358906 0.764072236919459 2 0 0 0 0 0 0 0 0 0 0 0 0 0 0 0 0 0 0 0 0 0 0 0 0 0 0 0 0 0 0 0 0 0 0 0 0 0 0 0
1 0.2234375 0.7666666666666667 0.01875 0.025 0.22247648313492063 0.7673771329365078 2 0 0 0 0 0 0 0 0 0 0 0 0 0 0 0 0 0 0 0 0 0 0 0 0 0 0 0 0 0 0 0 0 0 0 0 0 0 0 0
1 0.159375 0.8527777777777777 0.021875 0.03888888888888889 0.15985511133156965 0.8521568496472663 2 0 0 0 0 0 0 0 0 0 0 0 0 0 0 0 0 0 0 0 0 0 0 0 0 0 0 0 0 0 0 0 0 0 0 0 0 0 0 0
1 0.203125 0.8611111111111112 0.0234375 0.05 0.20340561590608464 0.8602347633744856 2 0 0 0 0 0 0 0 0 0 0 0 0 0 0 0 0 0 0 0 0 0 0 0 0 0 0 0 0 0 0 0 0 0 0 0 0 0 0 0
1 0.0375 0.9861111111111112 0.03125 0.025 0.03656078042328042 0.9869867904908877 2 0 0 0 0 0 0 0 0 0 0 0 0 0 0 0 0 0 0 0 0 0 0 0 0 0 0 0 0 0 0 0 0 0 0 0 0 0 0 0
2 0.053125 0.7111111111111111 0.1046875 0.3638888888888889 0 0.5683835185185185 2 0 0.8831138888888889 2 0.10360041666666667 0.7677107407407406 2 0.09530302083333334 0.5286458333333334 2 0 0 0 0 0 0 0 0 0 0 0 0 0 0 0 0 0 0 0 0 0 0 0 0 0 0 0 0 0 0
1 0.0390625 0.8333333333333334 0.0203125 0.030555555555555555 0.03937636766975308 0.8345539065255733 2 0 0 0 0 0 0 0 0 0 0 0 0 0 0 0 0 0 0 0 0 0 0 0 0 0 0 0 0 0 0 0 0 0 0 0 0 0 0 0
1 0.015625 0.8111111111111111 0.0125 0.03333333333333333 0.015245707396384478 0.8119573181216931 2 0 0 0 0 0 0 0 0 0 0 0 0 0 0 0 0 0 0 0 0 0 0 0 0 0 0 0 0 0 0 0 0 0 0 0 0 0 0 0
1 0.0515625 0.825 0.0203125 0.03611111111111111 0.0507691087962963 0.8257217302322163 2 0 0 0 0 0 0 0 0 0 0 0 0 0 0 0 0 0 0 0 0 0 0 0 0 0 0 0 0 0 0 0 0 0 0 0 0 0 0 0
1 0.08125 0.8222222222222222 0.025 0.022222222222222223 0.08132829392636684 0.8214440226337447 2 0 0 0 0 0 0 0 0 0 0 0 0 0 0 0 0 0 0 0 0 0 0 0 0 0 0 0 0 0 0 0 0 0 0 0 0 0 0 0
1 0.0703125 0.8027777777777778 0.01875 0.030555555555555555 0.06950621830908289 0.801616487360376 2 0 0 0 0 0 0 0 0 0 0 0 0 0 0 0 0 0 0 0 0 0 0 0 0 0 0 0 0 0 0 0 0 0 0 0 0 0 0 0
1 0.03125 0.8 0.015625 0.027777777777777776 0.031025322145061728 0.8006633428865374 2 0 0 0 0 0 0 0 0 0 0 0 0 0 0 0 0 0 0 0 0 0 0 0 0 0 0 0 0 0 0 0 0 0 0 0 0 0 0 0
1 0.071875 0.7722222222222223 0.0171875 0.03333333333333333 0.07109868744488536 0.7735136390358612 2 0 0 0 0 0 0 0 0 0 0 0 0 0 0 0 0 0 0 0 0 0 0 0 0 0 0 0 0 0 0 0 0 0 0 0 0 0 0 0
1 0.0859375 0.775 0.01875 0.027777777777777776 0.08603760416666667 0.7754188888888889 2 0 0 0 0 0 0 0 0 0 0 0 0 0 0 0 0 0 0 0 0 0 0 0 0 0 0 0 0 0 0 0 0 0 0 0 0 0 0 0
1 0.021875 0.7833333333333333 0.0234375 0.03333333333333333 0.020970613425925926 0.7843830397560256 2 0 0 0 0 0 0 0 0 0 0 0 0 0 0 0 0 0 0 0 0 0 0 0 0 0 0 0 0 0 0 0 0 0 0 0 0 0 0 0
1 0.0453125 0.7972222222222223 0.0140625 0.030555555555555555 0.04592960400132275 0.796150939153439 2 0 0 0 0 0 0 0 0 0 0 0 0 0 0 0 0 0 0 0 0 0 0 0 0 0 0 0 0 0 0 0 0 0 0 0 0 0 0 0
1 0.0546875 0.7833333333333333 0.01875 0.027777777777777776 0.05414787009479718 0.7843973618459728 2 0 0 0 0 0 0 0 0 0 0 0 0 0 0 0 0 0 0 0 0 0 0 0 0 0 0 0 0 0 0 0 0 0 0 0 0 0 0 0
1 0.0734375 0.7944444444444444 0.015625 0.027777777777777776 0.07372030533509699 0.7941701014109346 2 0 0 0 0 0 0 0 0 0 0 0 0 0 0 0 0 0 0 0 0 0 0 0 0 0 0 0 0 0 0 0 0 0 0 0 0 0 0 0
3 0.5453125 0.6138888888888889 0.18125 0.7722222222222223 0.5656975520833333 0.36678361111111113 2 0.5955844270833333 0.4784674074074074 2 0.586391875 0.3672537962962963 2 0.4905090104166666 0.38123916666666663 2 0.5154859895833332 0.4112533333333333 2 0.5262417187499999 0.5923273148148147 2 0.4931708333333333 0.8088891666666665 2 0.5373060416666666 0.8283600925925926 2 0.555731875 0.7692177777777777 2 0.5824822395833333 0.9358482407407406 2 0.58880953125 0.28554805555555557 2 0.6033867708333334 0.29961175925925926 2 0.5760701562499999 0.5918511111111111 2 0.5703565625 0.32028842592592593 2
4 0.6046875 0.31666666666666665 0.1 0.13055555555555556 0.5772332291666666 0.2927457407407407 2 0.60843234375 0.31503185185185184 2 0.59548609375 0.35982712962962954 1 0.6273871354166667 0.32860120370370366 2 0.6307169791666667 0.29069009259259254 2 0 0 0 0 0 0 0 0 0 0 0 0 0 0 0 0 0 0 0 0 0 0 0 0 0 0 0
0 0.0421875 0.39444444444444443 0.053125 0.07222222222222222 0.041776688161375655 0.3937888098912404 2 0 0 0 0 0 0 0 0 0 0 0 0 0 0 0 0 0 0 0 0 0 0 0 0 0 0 0 0 0 0 0 0 0 0 0 0 0 0 0