2 0.553125 0.5916666666666667 0.8921875 0.21944444444444444 0.11472380208333333 0.48878944444444444 2 0.11087723958333333 0.6390525 2 0.9995670833333332 0.7027853703703703 2 1 0.4922694444444444 2 0 0 0 0 0 0 0 0 0 0 0 0 0 0 0 0 0 0 0 0 0 0 0 0 0 0 0 0 0 0
0 0.496875 0.38333333333333336 0.015625 0.03611111111111111 0.4967105208333333 0.38220185185185185 2 0 0 0 0 0 0 0 0 0 0 0 0 0 0 0 0 0 0 0 0 0 0 0 0 0 0 0 0 0 0 0 0 0 0 0 0 0 0 0
1 0.1046875 0.6694444444444444 0.021875 0.030555555555555555 0.10403402970679013 0.6686300992063492 2 0 0 0 0 0 0 0 0 0 0 0 0 0 0 0 0 0 0 0 0 0 0 0 0 0 0 0 0 0 0 0 0 0 0 0 0 0 0 0
1 0.128125 0.6861111111111111 0.01875 0.025 0.1281847552910053 0.6853818165784832 2 0 0 0 0 0 0 0 0 0 0 0 0 0 0 0 0 0 0 0 0 0 0 0 0 0 0 0 0 0 0 0 0 0 0 0 0 0 0 0
1 0.3828125 0.6694444444444444 0.0203125 0.027777777777777776 0.38282273120590826 0.6684264370223398 2 0 0 0 0 0 0 0 0 0 0 0 0 0 0 0 0 0 0 0 0 0 0 0 0 0 0 0 0 0 0 0 0 0 0 0 0 0 0 0
1 0.396875 0.6805555555555556 0.009375 0.022222222222222223 0.3974423396164021 0.6810287378747796 2 0 0 0 0 0 0 0 0 0 0 0 0 0 0 0 0 0 0 0 0 0 0 0 0 0 0 0 0 0 0 0 0 0 0 0 0 0 0 0
1 0.434375 0.6694444444444444 0.021875 0.030555555555555555 0.433636455026455 0.6703640667254557 2 0 0 0 0 0 0 0 0 0 0 0 0 0 0 0 0 0 0 0 0 0 0 0 0 0 0 0 0 0 0 0 0 0 0 0 0 0 0 0
1 0.459375 0.6527777777777778 0.015625 0.022222222222222223 0.45906756806657845 0.6529730063198119 2 0 0 0 0 0 0 0 0 0 0 0 0 0 0 0 0 0 0 0 0 0 0 0 0 0 0 0 0 0 0 0 0 0 0 0 0 0 0 0
1 0.4640625 0.6333333333333333 0.0171875 0.025 0.4638406616512345 0.6333498214285714 2 0 0 0 0 0 0 0 0 0 0 0 0 0 0 0 0 0 0 0 0 0 0 0 0 0 0 0 0 0 0 0 0 0 0 0 0 0 0 0
1 0.684375 0.7277777777777777 0.0203125 0.030555555555555555 0.6840579252094356 0.7287180371840094 2 0 0 0 0 0 0 0 0 0 0 0 0 0 0 0 0 0 0 0 0 0 0 0 0 0 0 0 0 0 0 0 0 0 0 0 0 0 0 0
1 0.8421875 0.7666666666666667 0.0203125 0.030555555555555555 0.8425684044312168 0.7664811618165784 2 0 0 0 0 0 0 0 0 0 0 0 0 0 0 0 0 0 0 0 0 0 0 0 0 0 0 0 0 0 0 0 0 0 0 0 0 0 0 0
1 0.9484375 0.7444444444444445 0.01875 0.041666666666666664 0.9477992080026454 0.7441474548059964 2 0 0 0 0 0 0 0 0 0 0 0 0 0 0 0 0 0 0 0 0 0 0 0 0 0 0 0 0 0 0 0 0 0 0 0 0 0 0 0
3 0.50625 0.45555555555555555 0.084375 0.30277777777777776 0.5177378125 0.38044870370370365 2 0.5273193229166666 0.42398787037037033 2 0.5316117708333333 0.3950067592592592 2 0.5041496354166666 0.3859581481481481 2 0.5243851562499999 0.41731611111111105 2 0.49896088541666667 0.4570229629629629 2 0.48850083333333333 0.5377391666666667 2 0.4799372916666666 0.572941574074074 2 0.5331920312499999 0.5266462962962963 2 0.5350582812499999 0.581005462962963 2 0.5441153645833332 0.38769462962962964 2 0.5355932812499999 0.3849592592592592 2 0.5188466666666667 0.4615921296296296 2 0.54109171875 0.39565148148148144 2
1 0.5109375 0.525 0.009375 0.013888888888888888 0.510287993276014 0.5250820851704879 2 0 0 0 0 0 0 0 0 0 0 0 0 0 0 0 0 0 0 0 0 0 0 0 0 0 0 0 0 0 0 0 0 0 0 0 0 0 0 0
1 0.23125 0.6611111111111111 0.0140625 0.030555555555555555 0.23063785052910052 0.6614912180335097 2 0 0 0 0 0 0 0 0 0 0 0 0 0 0 0 0 0 0 0 0 0 0 0 0 0 0 0 0 0 0 0 0 0 0 0 0 0 0 0
1 0.1640625 0.6305555555555555 0.0140625 0.025 0.16335238453483242 0.631286960611405 2 0 0 0 0 0 0 0 0 0 0 0 0 0 0 0 0 0 0 0 0 0 0 0 0 0 0 0 0 0 0 0 0 0 0 0 0 0 0 0
1 0.2109375 0.6138888888888889 0.0125 0.025 0.21131432291666666 0.6144101851851851 2 0 0 0 0 0 0 0 0 0 0 0 0 0 0 0 0 0 0 0 0 0 0 0 0 0 0 0 0 0 0 0 0 0 0 0 0 0 0 0
1 0.2484375 0.6 0.0109375 0.022222222222222223 0.24866557291666663 0.5999865740740741 2 0 0 0 0 0 0 0 0 0 0 0 0 0 0 0 0 0 0 0 0 0 0 0 0 0 0 0 0 0 0 0 0 0 0 0 0 0 0 0
1 0.1609375 0.6388888888888888 0.0078125 0.013888888888888888 0.16110833388447973 0.6387892401528512 2 0 0 0 0 0 0 0 0 0 0 0 0 0 0 0 0 0 0 0 0 0 0 0 0 0 0 0 0 0 0 0 0 0 0 0 0 0 0 0
1 0.184375 0.6361111111111111 0.00625 0.013888888888888888 0.1850094744819224 0.6369875889182833 2 0 0 0 0 0 0 0 0 0 0 0 0 0 0 0 0 0 0 0 0 0 0 0 0 0 0 0 0 0 0 0 0 0 0 0 0 0 0 0
1 0.190625 0.6388888888888888 0.00625 0.013888888888888888 0.19108644290123458 0.637935109494415 2 0 0 0 0 0 0 0 0 0 0 0 0 0 0 0 0 0 0 0 0 0 0 0 0 0 0 0 0 0 0 0 0 0 0 0 0 0 0 0
1 0.196875 0.6388888888888888 0.00625 0.011111111111111112 0.19679122988315695 0.6402565038947678 2 0 0 0 0 0 0 0 0 0 0 0 0 0 0 0 0 0 0 0 0 0 0 0 0 0 0 0 0 0 0 0 0 0 0 0 0 0 0 0
1 0.203125 0.6333333333333333 0.00625 0.013888888888888888 0.20277271108906528 0.6346267357436802 2 0 0 0 0 0 0 0 0 0 0 0 0 0 0 0 0 0 0 0 0 0 0 0 0 0 0 0 0 0 0 0 0 0 0 0 0 0 0 0
1 0.209375 0.6361111111111111 0.0078125 0.013888888888888888 0.20861352733686064 0.6356569051293357 2 0 0 0 0 0 0 0 0 0 0 0 0 0 0 0 0 0 0 0 0 0 0 0 0 0 0 0 0 0 0 0 0 0 0 0 0 0 0 0
1 0.2171875 0.6472222222222223 0.0078125 0.016666666666666666 0.21727554315476189 0.646810196208113 2 0 0 0 0 0 0 0 0 0 0 0 0 0 0 0 0 0 0 0 0 0 0 0 0 0 0 0 0 0 0 0 0 0 0 0 0 0 0 0
1 0.2265625 0.6361111111111111 0.0078125 0.016666666666666666 0.22592261518959433 0.6372086654908876 2 0 0 0 0 0 0 0 0 0 0 0 0 0 0 0 0 0 0 0 0 0 0 0 0 0 0 0 0 0 0 0 0 0 0 0 0 0 0 0
1 0.24375 0.6444444444444445 0.009375 0.016666666666666666 0.24327952849426807 0.6442205731922398 2 0 0 0 0 0 0 0 0 0 0 0 0 0 0 0 0 0 0 0 0 0 0 0 0 0 0 0 0 0 0 0 0 0 0 0 0 0 0 0
1 0.25 0.6361111111111111 0.0078125 0.013888888888888888 0.24968827022707227 0.6370853075396825 2 0 0 0 0 0 0 0 0 0 0 0 0 0 0 0 0 0 0 0 0 0 0 0 0 0 0 0 0 0 0 0 0 0 0 0 0 0 0 0
1 0.2609375 0.6388888888888888 0.0078125 0.016666666666666666 0.2601574302799824 0.6392111941504997 2 0 0 0 0 0 0 0 0 0 0 0 0 0 0 0 0 0 0 0 0 0 0 0 0 0 0 0 0 0 0 0 0 0 0 0 0 0 0 0
1 0.325 0.6277777777777778 0.009375 0.016666666666666666 0.3252310262345679 0.6267718569958848 2 0 0 0 0 0 0 0 0 0 0 0 0 0 0 0 0 0 0 0 0 0 0 0 0 0 0 0 0 0 0 0 0 0 0 0 0 0 0 0
4 0.5328125 0.37222222222222223 0.034375 0.07222222222222222 0.5445359375 0.3953806481481481 2 0.5338123958333332 0.3726234259259259 2 0.5200264583333333 0.3709634259259259 2 0.5239397916666666 0.35208398148148146 2 0.5371513020833334 0.35579509259259257 2 0 0 0 0 0 0 0 0 0 0 0 0 0 0 0 0 0 0 0 0 0 0 0 0 0 0 0
1 0.3078125 0.6555555555555556 0.009375 0.016666666666666666 0.3076660868606702 0.6547479196061139 2 0 0 0 0 0 0 0 0 0 0 0 0 0 0 0 0 0 0 0 0 0 0 0 0 0 0 0 0 0 0 0 0 0 0 0 0 0 0 0
1 0.3234375 0.6472222222222223 0.009375 0.013888888888888888 0.3229083986441799 0.646913802175191 2 0 0 0 0 0 0 0 0 0 0 0 0 0 0 0 0 0 0 0 0 0 0 0 0 0 0 0 0 0 0 0 0 0 0 0 0 0 0 0