3 0.4875 0.4666666666666667 0.125 0.2777777777777778 0.5066405208333333 0.3746659259259259 2 0.5132265104166667 0.3999981481481481 2 0.5317957291666666 0.40232740740740736 2 0.4793653125 0.3701452777777777 2 0.4581386458333333 0.38234185185185177 2 0.47907390625 0.44386499999999995 2 0.47773645833333334 0.5164406481481482 2 0.4721937499999999 0.5782569444444445 2 0.5169782291666667 0.5088652777777777 2 0.5161843749999999 0.5640802777777777 2 0.4311694270833333 0.4148630555555555 2 0.5428258333333333 0.40527407407407406 2 0.49871921874999997 0.44578805555555556 2 0.4381627604166667 0.4019882407407407 2
4 0.434375 0.42777777777777776 0.03125 0.06666666666666667 0.43280380208333324 0.39898703703703703 2 0.43381515625 0.4253807407407407 2 0.4441044791666666 0.4336561111111111 2 0.4351000520833333 0.4574687037037037 2 0.42471625 0.44874712962962965 2 0 0 0 0 0 0 0 0 0 0 0 0 0 0 0 0 0 0 0 0 0 0 0 0 0 0 0
2 0.553125 0.5861111111111111 0.8921875 0.23333333333333334 0.12263203125 0.4782438888888889 2 0.1245184375 0.6232632407407407 2 0.9995670833333332 0.7027853703703703 2 1 0.4922694444444444 2 0 0 0 0 0 0 0 0 0 0 0 0 0 0 0 0 0 0 0 0 0 0 0 0 0 0 0 0 0 0
1 0.109375 0.6555555555555556 0.021875 0.030555555555555555 0.10847072916666667 0.6549613888888888 2 0 0 0 0 0 0 0 0 0 0 0 0 0 0 0 0 0 0 0 0 0 0 0 0 0 0 0 0 0 0 0 0 0 0 0 0 0 0 0
1 0.1359375 0.675 0.01875 0.025 0.1360811615410053 0.6744823721340387 2 0 0 0 0 0 0 0 0 0 0 0 0 0 0 0 0 0 0 0 0 0 0 0 0 0 0 0 0 0 0 0 0 0 0 0 0 0 0 0
1 0.3875 0.6583333333333333 0.0203125 0.027777777777777776 0.3869358041225749 0.6572274555408583 2 0 0 0 0 0 0 0 0 0 0 0 0 0 0 0 0 0 0 0 0 0 0 0 0 0 0 0 0 0 0 0 0 0 0 0 0 0 0 0
1 0.4015625 0.6722222222222223 0.009375 0.022222222222222223 0.4021014541997355 0.6734494786155202 2 0 0 0 0 0 0 0 0 0 0 0 0 0 0 0 0 0 0 0 0 0 0 0 0 0 0 0 0 0 0 0 0 0 0 0 0 0 0 0
1 0.4375 0.6611111111111111 0.021875 0.030555555555555555 0.437285048776455 0.6599226778365667 2 0 0 0 0 0 0 0 0 0 0 0 0 0 0 0 0 0 0 0 0 0 0 0 0 0 0 0 0 0 0 0 0 0 0 0 0 0 0 0
1 0.4765625 0.6388888888888888 0.015625 0.022222222222222223 0.47658939098324515 0.6400995803938859 2 0 0 0 0 0 0 0 0 0 0 0 0 0 0 0 0 0 0 0 0 0 0 0 0 0 0 0 0 0 0 0 0 0 0 0 0 0 0 0
1 0.4671875 0.625 0.0140625 0.019444444444444445 0.4670480511463844 0.6248653317901235 2 0 0 0 0 0 0 0 0 0 0 0 0 0 0 0 0 0 0 0 0 0 0 0 0 0 0 0 0 0 0 0 0 0 0 0 0 0 0 0
1 0.690625 0.7194444444444444 0.0203125 0.030555555555555555 0.6897870918761023 0.719142666813639 2 0 0 0 0 0 0 0 0 0 0 0 0 0 0 0 0 0 0 0 0 0 0 0 0 0 0 0 0 0 0 0 0 0 0 0 0 0 0 0
1 0.8484375 0.7583333333333333 0.0203125 0.030555555555555555 0.848692181988536 0.7587245877425044 2 0 0 0 0 0 0 0 0 0 0 0 0 0 0 0 0 0 0 0 0 0 0 0 0 0 0 0 0 0 0 0 0 0 0 0 0 0 0 0
1 0.953125 0.7388888888888889 0.01875 0.041666666666666664 0.9529803124999999 0.739405648148148 2 0 0 0 0 0 0 0 0 0 0 0 0 0 0 0 0 0 0 0 0 0 0 0 0 0 0 0 0 0 0 0 0 0 0 0 0 0 0 0
1 0.234375 0.6472222222222223 0.0140625 0.030555555555555555 0.23440180886243384 0.6477382550705468 2 0 0 0 0 0 0 0 0 0 0 0 0 0 0 0 0 0 0 0 0 0 0 0 0 0 0 0 0 0 0 0 0 0 0 0 0 0 0 0
1 0.1703125 0.6194444444444445 0.0140625 0.025 0.17015421874999997 0.618441111111111 2 0 0 0 0 0 0 0 0 0 0 0 0 0 0 0 0 0 0 0 0 0 0 0 0 0 0 0 0 0 0 0 0 0 0 0 0 0 0 0
1 0.215625 0.6027777777777777 0.0125 0.025 0.21622348958333332 0.6040088888888888 2 0 0 0 0 0 0 0 0 0 0 0 0 0 0 0 0 0 0 0 0 0 0 0 0 0 0 0 0 0 0 0 0 0 0 0 0 0 0 0
1 0.253125 0.5888888888888889 0.0109375 0.022222222222222223 0.2527936979166666 0.5886461111111111 2 0 0 0 0 0 0 0 0 0 0 0 0 0 0 0 0 0 0 0 0 0 0 0 0 0 0 0 0 0 0 0 0 0 0 0 0 0 0 0
1 0.1671875 0.625 0.0078125 0.013888888888888888 0.16703526096781304 0.6259285920047031 2 0 0 0 0 0 0 0 0 0 0 0 0 0 0 0 0 0 0 0 0 0 0 0 0 0 0 0 0 0 0 0 0 0 0 0 0 0 0 0
1 0.190625 0.625 0.00625 0.013888888888888888 0.19033656249999997 0.6257946296296296 2 0 0 0 0 0 0 0 0 0 0 0 0 0 0 0 0 0 0 0 0 0 0 0 0 0 0 0 0 0 0 0 0 0 0 0 0 0 0 0
1 0.1953125 0.6277777777777778 0.00625 0.013888888888888888 0.19549213541666666 0.6276245370370371 2 0 0 0 0 0 0 0 0 0 0 0 0 0 0 0 0 0 0 0 0 0 0 0 0 0 0 0 0 0 0 0 0 0 0 0 0 0 0 0
1 0.2015625 0.6277777777777778 0.00625 0.011111111111111112 0.20222227154982364 0.627355300191064 2 0 0 0 0 0 0 0 0 0 0 0 0 0 0 0 0 0 0 0 0 0 0 0 0 0 0 0 0 0 0 0 0 0 0 0 0 0 0 0
1 0.2140625 0.625 0.00625 0.013888888888888888 0.21423515900573192 0.6246575690770135 2 0 0 0 0 0 0 0 0 0 0 0 0 0 0 0 0 0 0 0 0 0 0 0 0 0 0 0 0 0 0 0 0 0 0 0 0 0 0 0
1 0.2078125 0.6222222222222222 0.0078125 0.013888888888888888 0.20716816275352734 0.623288201425632 2 0 0 0 0 0 0 0 0 0 0 0 0 0 0 0 0 0 0 0 0 0 0 0 0 0 0 0 0 0 0 0 0 0 0 0 0 0 0 0
1 0.221875 0.6361111111111111 0.0078125 0.016666666666666666 0.2222811681547619 0.6356393628747795 2 0 0 0 0 0 0 0 0 0 0 0 0 0 0 0 0 0 0 0 0 0 0 0 0 0 0 0 0 0 0 0 0 0 0 0 0 0 0 0
1 0.23125 0.625 0.0078125 0.016666666666666666 0.23094730268959435 0.6255558877131099 2 0 0 0 0 0 0 0 0 0 0 0 0 0 0 0 0 0 0 0 0 0 0 0 0 0 0 0 0 0 0 0 0 0 0 0 0 0 0 0
1 0.2484375 0.6333333333333333 0.009375 0.016666666666666666 0.2479362993276014 0.6333119620811287 2 0 0 0 0 0 0 0 0 0 0 0 0 0 0 0 0 0 0 0 0 0 0 0 0 0 0 0 0 0 0 0 0 0 0 0 0 0 0 0
1 0.2546875 0.625 0.0078125 0.013888888888888888 0.254811655643739 0.6252278075396825 2 0 0 0 0 0 0 0 0 0 0 0 0 0 0 0 0 0 0 0 0 0 0 0 0 0 0 0 0 0 0 0 0 0 0 0 0 0 0 0
1 0.2640625 0.6277777777777778 0.0078125 0.016666666666666666 0.26472289902998236 0.6272801756319812 2 0 0 0 0 0 0 0 0 0 0 0 0 0 0 0 0 0 0 0 0 0 0 0 0 0 0 0 0 0 0 0 0 0 0 0 0 0 0 0
1 0.3296875 0.6166666666666667 0.009375 0.016666666666666666 0.3288748804012345 0.6163848199588476 2 0 0 0 0 0 0 0 0 0 0 0 0 0 0 0 0 0 0 0 0 0 0 0 0 0 0 0 0 0 0 0 0 0 0 0 0 0 0 0
1 0.3140625 0.6444444444444445 0.009375 0.016666666666666666 0.31362884727733686 0.6440903270135213 2 0 0 0 0 0 0 0 0 0 0 0 0 0 0 0 0 0 0 0 0 0 0 0 0 0 0 0 0 0 0 0 0 0 0 0 0 0 0 0
1 0.328125 0.6361111111111111 0.009375 0.013888888888888888 0.3279008465608465 0.6350235243974132 2 0 0 0 0 0 0 0 0 0 0 0 0 0 0 0 0 0 0 0 0 0 0 0 0 0 0 0 0 0 0 0 0 0 0 0 0 0 0 0
1 0.034375 0.7166666666666667 0.0171875 0.030555555555555555 0.03399963541666667 0.7156035185185184 2 0 0 0 0 0 0 0 0 0 0 0 0 0 0 0 0 0 0 0 0 0 0 0 0 0 0 0 0 0 0 0 0 0 0 0 0 0 0 0