3 0.3359375 0.49722222222222223 0.19375 0.6777777777777778 0.33607828125 0.2892357407407407 2 0.34189062499999995 0.3933158333333333 2 0.35521156249999997 0.41022037037037035 2 0.29557572916666663 0.2989197222222222 2 0.28707838541666664 0.4078578703703703 2 0.29961010416666667 0.47405287037037036 2 0.2954192708333333 0.6298866666666666 2 0.2641306770833333 0.7877806481481481 2 0.36842140624999997 0.6027176851851852 2 0.37076171874999997 0.7476903703703702 2 0.35654276041666666 0.43612342592592596 2 0.37438791666666665 0.4140786111111111 2 0.33554312499999994 0.4643044444444444 2 0.33623479166666664 0.4380666666666667 2
4 0.378125 0.3888888888888889 0.084375 0.17777777777777778 0.34646473958333335 0.4574829629629629 2 0.36376338541666664 0.4230449074074074 2 0.3670334895833333 0.34921407407407407 2 0.4081256770833333 0.33966722222222223 2 0.4083456770833333 0.40610407407407406 2 0 0 0 0 0 0 0 0 0 0 0 0 0 0 0 0 0 0 0 0 0 0 0 0 0 0 0
1 0.6765625 0.7333333333333333 0.015625 0.030555555555555555 0.6764151008597883 0.7342167107583774 2 0 0 0 0 0 0 0 0 0 0 0 0 0 0 0 0 0 0 0 0 0 0 0 0 0 0 0 0 0 0 0 0 0 0 0 0 0 0 0
1 0.765625 0.7416666666666667 0.0140625 0.030555555555555555 0.7657447001763668 0.7420001124338624 2 0 0 0 0 0 0 0 0 0 0 0 0 0 0 0 0 0 0 0 0 0 0 0 0 0 0 0 0 0 0 0 0 0 0 0 0 0 0 0
2 0.8859375 0.7222222222222222 0.2265625 0.5555555555555556 0.7854798958333333 0.45515268518518515 2 0.7790983333333333 0.7049230555555556 2 0.8213539062499999 0.9941305555555555 2 1 1 2 0 0 0 0 0 0 0 0 0 0 0 0 0 0 0 0 0 0 0 0 0 0 0 0 0 0 0 0 0 0
1 0.86875 0.7444444444444445 0.0109375 0.030555555555555555 0.8681330001653439 0.7456449878747795 2 0 0 0 0 0 0 0 0 0 0 0 0 0 0 0 0 0 0 0 0 0 0 0 0 0 0 0 0 0 0 0 0 0 0 0 0 0 0 0
1 0.8078125 0.9027777777777778 0.0265625 0.027777777777777776 0.8073515222663138 0.9039247721928276 2 0 0 0 0 0 0 0 0 0 0 0 0 0 0 0 0 0 0 0 0 0 0 0 0 0 0 0 0 0 0 0 0 0 0 0 0 0 0 0
1 0.8265625 0.9722222222222222 0.0234375 0.03611111111111111 0.8263145111331568 0.9715165924456202 2 0 0 0 0 0 0 0 0 0 0 0 0 0 0 0 0 0 0 0 0 0 0 0 0 0 0 0 0 0 0 0 0 0 0 0 0 0 0 0
1 0.8203125 0.9583333333333334 0.021875 0.03333333333333333 0.8204470323522928 0.9588756797472074 2 0 0 0 0 0 0 0 0 0 0 0 0 0 0 0 0 0 0 0 0 0 0 0 0 0 0 0 0 0 0 0 0 0 0 0 0 0 0 0
1 0.91875 0.8833333333333333 0.025 0.05555555555555555 0.9190951556988536 0.8827940703997649 2 0 0 0 0 0 0 0 0 0 0 0 0 0 0 0 0 0 0 0 0 0 0 0 0 0 0 0 0 0 0 0 0 0 0 0 0 0 0 0
1 0.9625 0.8527777777777777 0.021875 0.03888888888888889 0.9621771717923281 0.8518173886684303 2 0 0 0 0 0 0 0 0 0 0 0 0 0 0 0 0 0 0 0 0 0 0 0 0 0 0 0 0 0 0 0 0 0 0 0 0 0 0 0
1 0.96875 0.8083333333333333 0.01875 0.030555555555555555 0.9695073972111992 0.8089256246325691 2 0 0 0 0 0 0 0 0 0 0 0 0 0 0 0 0 0 0 0 0 0 0 0 0 0 0 0 0 0 0 0 0 0 0 0 0 0 0 0
1 0.965625 0.7972222222222223 0.0203125 0.03611111111111111 0.9654241567460318 0.7965345712081128 2 0 0 0 0 0 0 0 0 0 0 0 0 0 0 0 0 0 0 0 0 0 0 0 0 0 0 0 0 0 0 0 0 0 0 0 0 0 0 0
1 0.9828125 0.7722222222222223 0.021875 0.03333333333333333 0.98180859981261 0.771461631760729 2 0 0 0 0 0 0 0 0 0 0 0 0 0 0 0 0 0 0 0 0 0 0 0 0 0 0 0 0 0 0 0 0 0 0 0 0 0 0 0