3 0.3375 0.5111111111111111 0.1921875 0.7083333333333334 0.3512931770833333 0.3116328703703703 2 0.3703152083333333 0.37649527777777775 2 0.39818359375 0.4543287037037037 2 0.28289041666666664 0.3582691666666667 2 0.2766830729166666 0.44956712962962964 2 0.30139640624999997 0.5030756481481481 2 0.29950078125 0.6636283333333334 2 0.28722171874999997 0.8045050925925925 2 0.3738484895833333 0.6626333333333333 2 0.3346434375 0.7454187037037037 2 0.30109250000000004 0.4868551851851851 2 0.4141927083333333 0.49287999999999993 2 0.34599760416666664 0.5049608333333333 2 0.29249760416666665 0.48611666666666664 2
4 0.2875 0.4222222222222222 0.05625 0.20277777777777778 0.30772619791666667 0.5043738888888888 2 0.2970869791666667 0.4636886111111111 2 0.28667510416666664 0.4007269444444444 2 0.2694066145833333 0.33703833333333333 2 0.28524083333333333 0.41682296296296295 2 0 0 0 0 0 0 0 0 0 0 0 0 0 0 0 0 0 0 0 0 0 0 0 0 0 0 0
1 0.6765625 0.7333333333333333 0.015625 0.030555555555555555 0.6764151008597883 0.7342167107583774 2 0 0 0 0 0 0 0 0 0 0 0 0 0 0 0 0 0 0 0 0 0 0 0 0 0 0 0 0 0 0 0 0 0 0 0 0 0 0 0
1 0.765625 0.7416666666666667 0.0140625 0.030555555555555555 0.7657447001763668 0.7420001124338624 2 0 0 0 0 0 0 0 0 0 0 0 0 0 0 0 0 0 0 0 0 0 0 0 0 0 0 0 0 0 0 0 0 0 0 0 0 0 0 0
2 0.8859375 0.7222222222222222 0.2265625 0.5555555555555556 0.7854798958333333 0.45515268518518515 2 0.7790983333333333 0.7049230555555556 2 0.8213539062499999 0.9941305555555555 2 1 1 2 0 0 0 0 0 0 0 0 0 0 0 0 0 0 0 0 0 0 0 0 0 0 0 0 0 0 0 0 0 0
1 0.86875 0.7444444444444445 0.0109375 0.030555555555555555 0.8681330001653439 0.7456449878747795 2 0 0 0 0 0 0 0 0 0 0 0 0 0 0 0 0 0 0 0 0 0 0 0 0 0 0 0 0 0 0 0 0 0 0 0 0 0 0 0
1 0.8078125 0.9027777777777778 0.0265625 0.027777777777777776 0.8073515222663138 0.9039247721928276 2 0 0 0 0 0 0 0 0 0 0 0 0 0 0 0 0 0 0 0 0 0 0 0 0 0 0 0 0 0 0 0 0 0 0 0 0 0 0 0
1 0.8265625 0.9722222222222222 0.0234375 0.03611111111111111 0.8263145111331568 0.9715165924456202 2 0 0 0 0 0 0 0 0 0 0 0 0 0 0 0 0 0 0 0 0 0 0 0 0 0 0 0 0 0 0 0 0 0 0 0 0 0 0 0
1 0.8203125 0.9583333333333334 0.021875 0.03333333333333333 0.8204470323522928 0.9588756797472074 2 0 0 0 0 0 0 0 0 0 0 0 0 0 0 0 0 0 0 0 0 0 0 0 0 0 0 0 0 0 0 0 0 0 0 0 0 0 0 0
1 0.91875 0.8833333333333333 0.025 0.05555555555555555 0.9190951556988536 0.8827940703997649 2 0 0 0 0 0 0 0 0 0 0 0 0 0 0 0 0 0 0 0 0 0 0 0 0 0 0 0 0 0 0 0 0 0 0 0 0 0 0 0
1 0.9625 0.8527777777777777 0.021875 0.03888888888888889 0.9621771717923281 0.8518173886684303 2 0 0 0 0 0 0 0 0 0 0 0 0 0 0 0 0 0 0 0 0 0 0 0 0 0 0 0 0 0 0 0 0 0 0 0 0 0 0 0
1 0.96875 0.8083333333333333 0.01875 0.030555555555555555 0.9695073972111992 0.8089256246325691 2 0 0 0 0 0 0 0 0 0 0 0 0 0 0 0 0 0 0 0 0 0 0 0 0 0 0 0 0 0 0 0 0 0 0 0 0 0 0 0
1 0.965625 0.7972222222222223 0.0203125 0.03611111111111111 0.9654241567460318 0.7965345712081128 2 0 0 0 0 0 0 0 0 0 0 0 0 0 0 0 0 0 0 0 0 0 0 0 0 0 0 0 0 0 0 0 0 0 0 0 0 0 0 0
1 0.9828125 0.7722222222222223 0.021875 0.03333333333333333 0.98180859981261 0.771461631760729 2 0 0 0 0 0 0 0 0 0 0 0 0 0 0 0 0 0 0 0 0 0 0 0 0 0 0 0 0 0 0 0 0 0 0 0 0 0 0 0