3 0.4375 0.5638888888888889 0.2578125 0.6666666666666666 0.4406811979166666 0.3431071296296296 2 0.48174781249999993 0.35391194444444446 2 0.52757015625 0.40933749999999997 2 0.3722784375 0.3897434259259259 2 0.3736677604166666 0.4862506481481481 2 0.3879522916666666 0.5183850925925926 2 0.38547041666666665 0.684741574074074 2 0.3504981770833333 0.803813425925926 2 0.4667328124999999 0.6464407407407406 2 0.4642253645833333 0.8127554629629629 2 0.32360791666666666 0.442387037037037 2 0.55068 0.42070592592592587 2 0.4231936979166666 0.5071116666666667 2 0.34290734375 0.4496318518518518 2
4 0.296875 0.4111111111111111 0.109375 0.16111111111111112 0.34532515625000004 0.46946768518518517 2 0.3132640104166667 0.4215716666666666 2 0.2996202604166666 0.3554535185185185 2 0.25499182291666667 0.3393123148148148 2 0.27583765624999995 0.40672898148148146 2 0 0 0 0 0 0 0 0 0 0 0 0 0 0 0 0 0 0 0 0 0 0 0 0 0 0 0
1 0.6765625 0.7333333333333333 0.015625 0.030555555555555555 0.6764151008597883 0.7342167107583774 2 0 0 0 0 0 0 0 0 0 0 0 0 0 0 0 0 0 0 0 0 0 0 0 0 0 0 0 0 0 0 0 0 0 0 0 0 0 0 0
1 0.765625 0.7416666666666667 0.0140625 0.030555555555555555 0.7657447001763668 0.7420001124338624 2 0 0 0 0 0 0 0 0 0 0 0 0 0 0 0 0 0 0 0 0 0 0 0 0 0 0 0 0 0 0 0 0 0 0 0 0 0 0 0
2 0.8859375 0.7222222222222222 0.2265625 0.5555555555555556 0.7854798958333333 0.45515268518518515 2 0.7790983333333333 0.7049230555555556 2 0.8213539062499999 0.9941305555555555 2 1 1 2 0 0 0 0 0 0 0 0 0 0 0 0 0 0 0 0 0 0 0 0 0 0 0 0 0 0 0 0 0 0
1 0.86875 0.7444444444444445 0.0109375 0.030555555555555555 0.8681330001653439 0.7456449878747795 2 0 0 0 0 0 0 0 0 0 0 0 0 0 0 0 0 0 0 0 0 0 0 0 0 0 0 0 0 0 0 0 0 0 0 0 0 0 0 0
1 0.8078125 0.9027777777777778 0.0265625 0.027777777777777776 0.8073515222663138 0.9039247721928276 2 0 0 0 0 0 0 0 0 0 0 0 0 0 0 0 0 0 0 0 0 0 0 0 0 0 0 0 0 0 0 0 0 0 0 0 0 0 0 0
1 0.8265625 0.9722222222222222 0.0234375 0.03611111111111111 0.8263145111331568 0.9715165924456202 2 0 0 0 0 0 0 0 0 0 0 0 0 0 0 0 0 0 0 0 0 0 0 0 0 0 0 0 0 0 0 0 0 0 0 0 0 0 0 0
1 0.8203125 0.9583333333333334 0.021875 0.03333333333333333 0.8204470323522928 0.9588756797472074 2 0 0 0 0 0 0 0 0 0 0 0 0 0 0 0 0 0 0 0 0 0 0 0 0 0 0 0 0 0 0 0 0 0 0 0 0 0 0 0
1 0.96875 0.8083333333333333 0.01875 0.030555555555555555 0.9695073972111992 0.8089256246325691 2 0 0 0 0 0 0 0 0 0 0 0 0 0 0 0 0 0 0 0 0 0 0 0 0 0 0 0 0 0 0 0 0 0 0 0 0 0 0 0
1 0.965625 0.7972222222222223 0.0203125 0.03611111111111111 0.9654241567460318 0.7965345712081128 2 0 0 0 0 0 0 0 0 0 0 0 0 0 0 0 0 0 0 0 0 0 0 0 0 0 0 0 0 0 0 0 0 0 0 0 0 0 0 0
1 0.9828125 0.7722222222222223 0.021875 0.03333333333333333 0.98180859981261 0.771461631760729 2 0 0 0 0 0 0 0 0 0 0 0 0 0 0 0 0 0 0 0 0 0 0 0 0 0 0 0 0 0 0 0 0 0 0 0 0 0 0 0
0 0.559375 0.3888888888888889 0.0453125 0.05555555555555555 0.5592098772321428 0.38802167328042325 2 0 0 0 0 0 0 0 0 0 0 0 0 0 0 0 0 0 0 0 0 0 0 0 0 0 0 0 0 0 0 0 0 0 0 0 0 0 0 0